For use at https://www.graphreader.com/plotter

{
  "data_status": true,
  "err": "",
  "xlabel": null,
  "ylabel": null,
  "title": null,
  "linewidth": 2,
  "linecolor": "#d18b2c",
  "markerradius": 3,
  "markertype": "circle",
  "xmin": null,
  "xmax": null,
  "ymin": null,
  "ymax": null,
  "yexpo": false,
  "xexpo": false,
  "gridlines": true,
  "logx": null,
  "logy": null,
  "chart_size_x": 700,
  "chart_size_y": 350,
  "data_x": [
   1,
  31,
  41,
  51,
  61,
  71,
  81,
  91,
 101,
 111,
 121,
 131,
 141,
 151,
 161,
 171,
 181,
 191,
 201,
 221,
 241,
 261,
 281,
 301,
 331,
 361,
 391,
 421,
 451,
 491,
 531,
 571,
 611,
 641,
 681,
 711,
 751,
 791,
 811,
 831,
 871,
 881,
 901,
 921,
 941,
 971,
 981,
 991,
1001,
1021
],
  "data_y": [
 938,
 314,
 290,
 272,
 258,
 247,
 237,
 229,
 221,
 215,
 209,
 204,
 199,
 195,
 190,
 187,
 183,
 179,
 176,
 170,
 165,
 160,
 155,
 150,
 144,
 139,
 133,
 128,
 123,
 117,
 111,
 105,
 100,
  95,
  90,
  85,
  79,
  72,
  69,
  65,
  57,
  55,
  51,
  45,
  39,
  28,
  23,
  17,
   9,
 -27
],
  "swap_xy": true
}


{
"x":[938,314,290,272,258,247,237,229,221,215,209,204,199,195,190,187,183,179,176,170,165,160,155,150,144,139,133,128,123,117,111,105,100,95,90,85,79,72,69,65,57,55,51,45,39,28,23,17,9,-27],
"y":[1,31,41,51,61,71,81,91,101,111,121,131,141,151,161,171,181,191,201,221,241,261,281,301,331,361,391,421,451,491,531,571,611,641,681,711,751,791,811,831,871,881,901,921,941,971,981,991,1001,1021]
}
