For use at https://www.graphreader.com/plotter

{
  "data_status": true,
  "err": "",
  "xlabel": null,
  "ylabel": null,
  "title": null,
  "linewidth": 2,
  "linecolor": "#d18b2c",
  "markerradius": 3,
  "markertype": "circle",
  "xmin": null,
  "xmax": null,
  "ymin": null,
  "ymax": null,
  "yexpo": false,
  "xexpo": false,
  "gridlines": true,
  "logx": null,
  "logy": null,
  "chart_size_x": 700,
  "chart_size_y": 350,
  "data_x": [
   2.00,
  12.07,
  12.79,
  13.59,
  14.44,
  15.37,
  16.38,
  17.46,
  18.63,
  19.91,
  21.29,
  22.79,
  24.43,
  26.21,
  28.15,
  30.27,
  32.58,
  35.10,
  38.44,
  40.89,
  44.19,
  47.83,
  51.80,
  56.20,
  61.00,
  66.30,
  72.11,
  78.51,
  85.57,
  93.34,
 101.91,
 111.34,
 121.73,
 133.17,
 145.74,
 159.57,
 174.73,
 191.35,
 209.53,
 229.35,
 250.90,
 274.25,
 299.46,
 326.52,
 355.44,
 386.15,
 418.53,
 452.43,
 487.62,
 523.82,
 560.70,
 597.88,
 634.97,
 671.55,
 707.21,
 741.54,
 779.65,
 809.57,
 833.40,
 859.55,
 883.27,
 904.53,
 923.38,
 939.91,
 954.26,
 966.59,
 977.08,
 985.92,
 993.39,
 999.42,
1004.43,
1008.51,
1011.79,
1014.40,
1016.48,
1018.10,
1019.35,
1020.32,
1021.05,
1021.60,
1022.01,
1022.31
],
  "data_y": [
 420,
 350,
 345,
 340,
 335,
 330,
 325,
 320,
 315,
 310,
 305,
 300,
 295,
 290,
 285,
 280,
 275,
 270,
 265,
 260,
 255,
 250,
 245,
 240,
 235,
 230,
 225,
 220,
 215,
 210,
 205,
 200,
 195,
 190,
 185,
 180,
 175,
 170,
 165,
 160,
 155,
 150,
 145,
 140,
 135,
 130,
 125,
 120,
 115,
 110,
 105,
 100,
  95,
  90,
  85,
  80,
  75,
  70,
  65,
  60,
  55,
  50,
  45,
  40,
  35,
  30,
  25,
  20,
  15,
  10,
   5,
   0,
  -5,
 -10,
 -15,
 -20,
 -25,
 -30,
 -35,
 -40,
 -45,
 -50
],
  "swap_xy": true
}

{
"x":[420,350,345,340,335,330,325,320,315,310,305,300,295,290,285,280,275,270,265,260,255,250,245,240,235,230,225,220,215,210,205,200,195,190,185,180,175,170,165,160,155,150,145,140,135,130,125,120,115,110,105,100,95,90,85,80,75,70,65,60,55,50,45,40,35,30,25,20,15,10,5,0,-5,-10,-15,-20,-25,-30,-35,-40,-45,-50],
"y":[2,12.07,12.79,13.59,14.44,15.37,16.38,17.46,18.63,19.91,21.29,22.79,24.43,26.21,28.15,30.27,32.58,35.1,38.44,40.89,44.19,47.83,51.8,56.2,61,66.3,72.11,78.51,85.57,93.34,101.91,111.34,121.73,133.17,145.74,159.57,174.73,191.35,209.53,229.35,250.9,274.25,299.46,326.52,355.44,386.15,418.53,452.43,487.62,523.82,560.7,597.88,634.97,671.55,707.21,741.54,779.65,809.57,833.4,859.55,883.27,904.53,923.38,939.91,954.26,966.59,977.08,985.92,993.39,999.42,1004.43,1008.51,1011.79,1014.4,1016.48,1018.1,1019.35,1020.32,1021.05,1021.6,1022.01,1022.31]
}
