For use at https://www.graphreader.com/plotter

{
  "data_status": true,
  "err": "",
  "xlabel": null,
  "ylabel": null,
  "title": null,
  "linewidth": 2,
  "linecolor": "#d18b2c",
  "markerradius": 3,
  "markertype": "circle",
  "xmin": null,
  "xmax": null,
  "ymin": null,
  "ymax": null,
  "yexpo": false,
  "xexpo": false,
  "gridlines": true,
  "logx": null,
  "logy": null,
  "chart_size_x": 700,
  "chart_size_y": 350,
  "data_x": [
    300,
    295,
    290,
    285,
    280,
    275,
    270,
    265,
    260,
    255,
    250,
    245,
    240,
    235,
    230,
    225,
    220,
    215,
    210,
    205,
    200,
    195,
    190,
    185,
    180,
    175,
    170,
    165,
    160,
    155,
    150,
    145,
    140,
    135,
    130,
    125,
    120,
    115,
    110,
    105,
    100,
    95,
    90,
    85,
    80,
    75,
    70,
    65,
    60,
    55,
    50,
    45,
    40,
    35,
    30,
    25,
    20,
    15,
    10,
    5,
    0,
    -5,
    -10,
    -15
 ],
  "data_y": [
    23,
    25,
    27,
    28,
    31,
    33,
    35,
    38,
    41,
    44,
    48,
    52,
    56,
    61,
    66,
    71,
    78,
    84,
    92,
    100,
    109,
    120,
    131,
    143,
    156,
    171,
    187,
    205,
    224,
    245,
    268,
    293,
    320,
    348,
    379,
    411,
    445,
    480,
    516,
    553,
    591,
    628,
    665,
    702,
    737,
    770,
    801,
    830,
    857,
    881,
    903,
    922,
    939,
    954,
    966,
    977,
    985,
    993,
    999,
    1004,
    1008,
    1012,
    1016,
    1020
],
  "swap_xy": true
}

{
"x":[400,325,320,315,310,305,300,295,290,285,280,275,270,265,260,255,250,245,240,235,230,225,220,215,210,205,200,195,190,185,180,175,170,165,160,155,150,145,140,135,130,125,120,115,110,105,100, 95, 90, 85, 80, 75, 70, 65, 60, 55, 50, 45, 40, 35, 30, 25, 20, 15, 10,  5,    0,  -5, -10, -15]
"y":[  1, 16, 17, 18, 19, 21, 23 ,25 ,27 ,28 ,31 ,33 ,35 ,38 ,41 ,44 ,48 ,52 ,56 ,61 ,66 ,71 ,78 ,84 ,92 ,100,109,120,131,143,156,171,187,205,224,245,268,293,320,348,379,411,445,480,516,553,591,628,665,702,737,770,801,830,857,881,903,922,939,954,966,977,985,993,999,1004,1008,1012,1016,1020]
}
